# basalt calibration — generated by basalt_calibrate / basalt_calibrate_imu
# Load with: ros2 run basalt_ros2 visual_odometry_node --ros-args -p calib_path:=<this file>

# IMU-to-camera extrinsic transforms (one per camera)
# translation: px/py/pz metres; rotation: quaternion qx/qy/qz/qw
T_imu_cam:
  - px: -0.028728540961232354
    py: 0.0045894331411614579
    pz: 0.074116243617849215
    qx: -0.0028324995034058236
    qy: -0.00039190812289345702
    qz: 0.003244730329817644
    qw: 0.999990647496102
  - px: 0.09123304480799789
    py: 0.0030654025772022392
    pz: 0.074032297364435992
    qx: -0.001028411614523135
    qy: 0.00038221886267269628
    qz: -0.0035747106796576058
    qw: 0.99999300883648634
# Camera intrinsics (one per camera, same order as T_imu_cam)
intrinsics:
  - camera_type: pinhole-radtan8
    intrinsics:
      fx: 450.10989474349839
      fy: 450.2714831346301
      cx: 323.99459247076408
      cy: 202.72777917484575
      k1: -12.391022809540862
      k2: 48.163954551445386
      p1: 0.0018120298857886639
      p2: -0.00011855366121553129
      k3: 19.123797100052723
      k4: -12.401784892405828
      k5: 48.27761293354493
      k6: 18.757859456274044
  - camera_type: pinhole-radtan8
    intrinsics:
      fx: 450.63245183881736
      fy: 450.52033819838107
      cx: 312.76937960344384
      cy: 184.3719246335564
      k1: -11.217598663608168
      k2: 37.115573551888566
      p1: 0.0011530739585566615
      p2: 6.0408615579156092e-05
      k3: 65.161507599010889
      k4: -11.229437347501124
      k5: 37.236825569769202
      k6: 64.697095039306404
# Image resolution [width, height] for each camera
resolution:
  - [640, 400]
  - [640, 400]
# IMU sampling rate (Hz)
imu_update_rate: 99.795021026810915
# Accelerometer intrinsic calibration (9 coefficients: bias + scale/cross-axis terms)
calib_accel_bias:
  - 0.13289444202711961
  - -0.19644281644139211
  - -0.032171100305639834
  - -0.00018352122021202905
  - 0.00041670795714448346
  - -0.0017748648251386346
  - -9.9048580454878761e-05
  - 0.00048284617623664815
  - 0.0012570257602738204
# Gyroscope intrinsic calibration (12 coefficients: bias + scale/cross-axis terms)
calib_gyro_bias:
  - 0.0020894743245114039
  - -0.00015799910478344619
  - -0.00027120828185523018
  - 0.00070849735991565044
  - 0.0010407762053803303
  - -4.9438482674007056e-05
  - 0.00055158713701628024
  - 0.0015712057071392198
  - -0.0002230615968724501
  - 1.8562805899510208e-05
  - 2.0989928967812416e-05
  - -0.0008642387258109255
# IMU noise and bias standard deviations (continuous-time, same value for x/y/z)
accel_noise_std: [0.02, 0.02, 0.02]
gyro_noise_std: [0.00050000000000000001, 0.00050000000000000001, 0.00050000000000000001]
accel_bias_std: [0.001, 0.001, 0.001]
gyro_bias_std: [0.0001, 0.0001, 0.0001]
# Camera-IMU time offset (nanoseconds)
cam_time_offset_ns: 131292
