T_imu_cam:
- px: -0.030201381479712092
  py: 0.0016458919363922294
  pz: 0.07064960869250246
  qx: -0.002768720731349882
  qy: 0.0009080527305410405
  qz: 0.0030194651986354347
  qw: 0.9999911961890787
- px: 0.08989826609008957
  py: 0.0014368723531522937
  pz: 0.07020755338618807
  qx: -0.0023488538931947514
  qy: 0.0029906795154126696
  qz: -0.0037256177659470494
  qw: 0.9999858291464367
- px: 0.03036139395943196
  py: 0.001080375307046788
  pz: 0.06007824546311974
  qx: -0.0013904644442102986
  qy: 0.002334684176868433
  qz: -0.008557810027480604
  qw: 0.9999596890604927
intrinsics:
- camera_type: pinhole-radtan8
  intrinsics:
    fx: 451.26675752642325
    fy: 451.33447525961935
    cx: 323.9228727632008
    cy: 201.58253641827616
    k1: -15.063540571090583
    k2: 69.12122421558001
    p1: 0.0011785562147515292
    p2: -0.0001276217341786446
    k3: -16.283142962329194
    k4: -15.070894079365164
    k5: 69.20749034530604
    k6: -16.589856203874245
- camera_type: pinhole-radtan8
  intrinsics:
    fx: 451.9447245113686
    fy: 451.78650152679916
    cx: 314.97552262450984
    cy: 185.94642097454263
    k1: -12.750857707435813
    k2: 61.92518571790058
    p1: 0.0010804769129307483
    p2: 0.0003499591737068711
    k3: -5.302200093272812
    k4: -12.757715085639669
    k5: 61.98090092083039
    k6: -5.560933031465797
- camera_type: pinhole-radtan8
  intrinsics:
    fx: 1247.6696001415698
    fy: 1248.107573857704
    cx: 974.5787363311478
    cy: 530.0380118881545
    k1: -23.632368786835833
    k2: 208.64468552356826
    p1: 0.0008978583149423207
    p2: 0.0011140876749417316
    k3: 117.9430018514626
    k4: -23.659893845941387
    k5: 209.3685259799233
    k6: 111.1465723580074
resolution:
- - 640
  - 400
- - 640
  - 400
- - 1920
  - 1080
calib_accel_bias:
- 0.09328048268241507
- -0.1415211449543247
- -0.1398343129480307
- 0.0010142678849443347
- 0.004172078351176407
- 0.0004360598523569348
- -0.0024635366825513606
- 0.014078024372860886
- 0.0007380963805963802
calib_gyro_bias:
- 0.0019903995377430934
- -0.00010796884566583711
- -0.00010346080188576368
- 0.0026178315958499967
- 0.002921845411883083
- -0.0014002396310462694
- 0.0011800077992836827
- 0.0031941712152805473
- -0.0014955608370365967
- 4.170453708346974e-05
- 0.00018245402399377065
- -0.001477860328718096
imu_update_rate: 99.78346987038125
accel_noise_std:
- 0.02
- 0.02
- 0.02
gyro_noise_std:
- 0.0005
- 0.0005
- 0.0005
accel_bias_std:
- 0.001
- 0.001
- 0.001
gyro_bias_std:
- 0.0001
- 0.0001
- 0.0001
cam_time_offset_ns: -630935
vignette: []
