# basalt calibration — generated by basalt_calibrate / basalt_calibrate_imu
# Load with: ros2 run basalt_ros2 visual_odometry_node --ros-args -p calib_path:=<this file>

# IMU-to-camera extrinsic transforms (one per camera)
# translation: px/py/pz metres; rotation: quaternion qx/qy/qz/qw
T_imu_cam:
  - px: -0.030201381479712092
    py: 0.0016458919363922294
    pz: 0.070649608692502461
    qx: -0.0027687207313498818
    qy: 0.00090805273054104054
    qz: 0.0030194651986354347
    qw: 0.99999119618907872
  - px: 0.089898266090089565
    py: 0.0014368723531522937
    pz: 0.070207553386188074
    qx: -0.0023488538931947514
    qy: 0.0029906795154126696
    qz: -0.0037256177659470494
    qw: 0.99998582914643674
# Camera intrinsics (one per camera, same order as T_imu_cam)
intrinsics:
  - camera_type: pinhole-radtan8
    intrinsics:
      fx: 451.26675752642325
      fy: 451.33447525961935
      cx: 323.92287276320081
      cy: 201.58253641827616
      k1: -15.063540571090583
      k2: 69.121224215580014
      p1: 0.0011785562147515292
      p2: -0.0001276217341786446
      k3: -16.283142962329194
      k4: -15.070894079365164
      k5: 69.207490345306041
      k6: -16.589856203874245
  - camera_type: pinhole-radtan8
    intrinsics:
      fx: 451.94472451136858
      fy: 451.78650152679916
      cx: 314.97552262450984
      cy: 185.94642097454263
      k1: -12.750857707435813
      k2: 61.925185717900582
      p1: 0.0010804769129307483
      p2: 0.0003499591737068711
      k3: -5.3022000932728117
      k4: -12.757715085639669
      k5: 61.980900920830393
      k6: -5.5609330314657974
# Image resolution [width, height] for each camera
resolution:
  - [640, 400]
  - [640, 400]
# IMU sampling rate (Hz)
imu_update_rate: 99.783469870381253
# Accelerometer intrinsic calibration (9 coefficients: bias + scale/cross-axis terms)
calib_accel_bias:
  - 0.093280482682415067
  - -0.14152114495432469
  - -0.1398343129480307
  - 0.0010142678849443347
  - 0.0041720783511764066
  - 0.0004360598523569348
  - -0.0024635366825513606
  - 0.014078024372860886
  - 0.00073809638059638019
# Gyroscope intrinsic calibration (12 coefficients: bias + scale/cross-axis terms)
calib_gyro_bias:
  - 0.0019903995377430934
  - -0.00010796884566583711
  - -0.00010346080188576368
  - 0.0026178315958499967
  - 0.0029218454118830829
  - -0.0014002396310462694
  - 0.0011800077992836827
  - 0.0031941712152805473
  - -0.0014955608370365967
  - 4.1704537083469738e-05
  - 0.00018245402399377065
  - -0.001477860328718096
# IMU noise and bias standard deviations (continuous-time, same value for x/y/z)
accel_noise_std: [0.02, 0.02, 0.02]
gyro_noise_std: [0.00050000000000000001, 0.00050000000000000001, 0.00050000000000000001]
accel_bias_std: [0.001, 0.001, 0.001]
gyro_bias_std: [0.0001, 0.0001, 0.0001]
# Camera-IMU time offset (nanoseconds)
cam_time_offset_ns: -630935
